0.1790108880776543 0.8556846256051842 0
0.3438111919789193 0.7578176179984444 1
0.32220869815327235 0.7202613465218658 0
0.08582203939524802 0.8278294094597823 0
0.34439326719347707 0.20033323434088135 1
0.4560749266442926 0.8203832669769878 0
0.29509215882649686 0.6938671431070347 1
0.9384084328628991 0.7566487723091398 1
0.8844999854183652 0.04234014574232192 0
0.45289766517854313 0.8446468917808387 0
0.7806185761972945 0.42338885061392295 1
0.333606866722003 0.13929492038651203 0
0.9259436667690714 0.11220526336322112 1
0.3715385311989552 0.589109183396226 1
0.1882268317464839 0.2763061031571985 1
0.11808270536278542 0.4142175716073757 0
0.34152754439226485 0.291650148450876 0
0.9847837910122036 0.928033675015992 1
0.9559079361460723 0.3914981557292453 1
0.12983655791740156 0.7208851266281869 0
0.8167525723705075 0.9555272387061936 1
0.14835827810287805 0.6536600334940098 1
0.9523868270334892 0.235873560068404 1
0.348589741777693 0.04701881281065634 0
0.704153550878643 0.10558901157870737 1
0.3534332603814707 0.5038474275437209 1
0.20418756084482304 0.02881911313399288 1
0.7198727944662198 0.7669513792011714 1
0.10264915660176843 0.0342103069307641 0
0.4826137228000785 0.4584813234276758 0
